Vernier Format 2
blank_mit_gewicht.cmbl 18.03.2025 18:35:50 .
Aktuell
Zeit	Potenzial
t	Pot
s	cm

0	-0.236208355774
0.005	-0.282372855274
0.01	-0.137724090175
0.015	-0.137724090175
0.02	-0.0884819573748
0.025	-0.0884819573748
0.03	-0.0392398245749
0.035	-0.0392398245749
0.04	-0.137724090175
0.045	-0.137724090175
0.05	-0.0392398245749
0.055	-0.0392398245749
0.06	-0.137724090175
0.065	-0.137724090175
0.07	-0.0884819573748
0.075	-0.0884819573748
0.08	-0.282372855274
0.085	-0.282372855274
0.09	-0.137724090175
0.095	-0.0884819573748
0.1	-0.0884819573748
0.105	-0.137724090175
0.11	-0.0884819573748
0.115	-0.0884819573748
0.12	-0.186966222975
0.125	-0.186966222975
0.13	-0.0884819573748
0.135	-0.0392398245749
0.14	-0.0884819573748
0.145	-0.0884819573748
0.15	-0.0392398245749
0.155	-0.0884819573748
0.16	-0.0392398245749
0.165	-0.0392398245749
0.17	-0.0392398245749
0.175	-0.0392398245749
0.18	-0.0392398245749
0.185	-0.0392398245749
0.19	-0.0884819573748
0.195	-0.0392398245749
0.2	-0.0392398245749
0.205	0.010002308225
0.21	-0.186966222975
0.215	-0.186966222975
0.22	-0.137724090175
0.225	-0.137724090175
0.23	-0.282372855274
0.235	-0.282372855274
0.24	-0.282372855274
0.245	-0.282372855274
0.25	-0.282372855274
0.255	-0.282372855274
0.26	-0.282372855274
0.265	-0.236208355774
0.27	-0.282372855274
0.275	-0.282372855274
0.28	-0.0884819573748
0.285	-0.0884819573748
0.29	-0.186966222975
0.295	-0.186966222975
0.3	-0.0392398245749
0.305	-0.0392398245749
0.31	-0.0884819573748
0.315	-0.0884819573748
0.32	-0.137724090175
0.325	-0.0884819573748
0.33	-0.0392398245749
0.335	-0.0392398245749
0.34	-0.137724090175
0.345	-0.0884819573748
0.35	-0.0884819573748
0.355	-0.137724090175
0.36	-0.0884819573748
0.365	-0.0392398245749
0.37	-0.186966222975
0.375	-0.186966222975
0.38	-0.186966222975
0.385	-0.186966222975
0.39	-0.186966222975
0.395	-0.186966222975
0.4	-0.186966222975
0.405	-0.186966222975
0.41	-0.186966222975
0.415	-0.186966222975
0.42	-0.0392398245749
0.425	-0.0392398245749
0.43	-0.0884819573748
0.435	-0.0884819573748
0.44	-0.0392398245749
0.445	-0.0392398245749
0.45	0.0592444410249
0.455	0.0592444410249
0.46	-0.0392398245749
0.465	0.010002308225
0.47	0.0592444410249
0.475	0.0592444410249
0.48	-0.0392398245749
0.485	-0.0392398245749
0.49	-0.0392398245749
0.495	-0.0392398245749
0.5	-0.0884819573748
0.505	-0.137724090175
0.51	-0.137724090175
0.515	-0.0884819573748
0.52	-0.137724090175
0.525	-0.137724090175
0.53	-0.137724090175
0.535	-0.137724090175
0.54	-0.0392398245749
0.545	-0.0392398245749
0.55	-0.137724090175
0.555	-0.137724090175
0.56	-0.0884819573748
0.565	-0.0884819573748
0.57	0.010002308225
0.575	-0.0392398245749
0.58	0.010002308225
0.585	0.010002308225
0.59	-0.0392398245749
0.595	-0.0392398245749
0.6	-0.0392398245749
0.605	-0.0392398245749
0.61	-0.0884819573748
0.615	-0.0392398245749
0.62	-0.0392398245749
0.625	-0.0392398245749
0.63	-0.282372855274
0.635	-0.282372855274
0.64	-0.236208355774
0.645	-0.186966222975
0.65	-0.137724090175
0.655	-0.0884819573748
0.66	-0.0884819573748
0.665	-0.137724090175
0.67	-0.0884819573748
0.675	-0.0884819573748
0.68	-0.186966222975
0.685	-0.186966222975
0.69	-0.0392398245749
0.695	-0.0392398245749
0.7	-0.0392398245749
0.705	0.010002308225
0.71	-0.0392398245749
0.715	-0.0392398245749
0.72	-0.137724090175
0.725	-0.0884819573748
0.73	-0.0392398245749
0.735	-0.0392398245749
0.74	-0.0392398245749
0.745	-0.0392398245749
0.75	-0.0884819573748
0.755	-0.137724090175
0.76	-0.282372855274
0.765	-0.282372855274
0.77	-0.282372855274
0.775	-0.282372855274
0.78	-0.0884819573748
0.785	-0.0884819573748
0.79	-0.236208355774
0.795	-0.186966222975
0.8	-0.0884819573748
0.805	-0.137724090175
0.81	-0.282372855274
0.815	-0.282372855274
0.82	-0.0884819573748
0.825	-0.0884819573748
0.83	-0.0392398245749
0.835	-0.0392398245749
0.84	0.0592444410249
0.845	0.0592444410249
0.85	0.010002308225
0.855	-0.0392398245749
0.86	0.108486573825
0.865	0.157728706625
0.87	0.206970839424
0.875	0.206970839424
0.88	0.354697237824
0.885	0.354697237824
0.89	0.354697237824
0.895	0.305455105024
0.9	0.499346002924
0.905	0.548588135724
0.91	0.745556666923
0.915	0.745556666923
0.92	0.794798799723
0.925	0.794798799723
0.93	0.893283065323
0.935	0.893283065323
0.94	1.18565822882
0.945	1.18565822882
0.95	1.48111102562
0.955	1.48111102562
0.96	1.87197045472
0.965	1.82272832192
0.97	1.97045472032
0.975	1.97045472032
0.98	2.21666538432
0.985	2.21666538432
0.99	2.41055628222
0.995	2.41055628222
1	2.65676694622
1.005	2.65676694622
1.01	2.94914210972
1.015	2.94914210972
1.02	3.19535277372
1.025	3.19535277372
1.03	3.24459490652
1.035	3.24459490652
1.04	3.53697007002
1.045	3.58621220282
1.05	3.83242286682
1.055	3.83242286682
1.06	4.17404016311
1.065	4.17404016311
1.07	4.37100869431
1.075	4.37100869431
1.08	4.71262599061
1.085	4.66646149111
1.09	5.00807878741
1.095	5.00807878741
1.1	5.34969608371
1.105	5.34969608371
1.11	5.79287527891
1.115	5.79287527891
1.12	5.98676617681
1.125	5.98676617681
1.13	6.33146110641
1.135	6.33146110641
1.14	6.62383626991
1.145	6.62383626991
1.15	6.91928906671
1.155	6.91928906671
1.16	7.31014849581
1.165	7.31014849581
1.17	7.65484342541
1.175	7.60560129261
1.18	7.99646072171
1.185	7.94721858891
1.19	8.1934292529
1.195	8.1934292529
1.2	8.6827729476
1.205	8.6335308148
1.21	8.8797414788
1.215	8.9289836116
1.22	9.2706009079
1.225	9.2706009079
1.23	9.5168115719
1.235	9.5168115719
1.24	9.7599446026
1.245	9.7599446026
1.25	10.2031237978
1.255	10.153881665
1.26	10.2985304301
1.265	10.2985304301
1.27	10.7909517581
1.275	10.7417096253
1.28	11.1325690544
1.285	11.1818111872
1.29	11.4280218512
1.295	11.4280218512
1.3	11.9666076787
1.305	11.9666076787
1.31	12.4067092406
1.315	12.4559513734
1.32	12.7514041702
1.325	12.7514041702
1.33	12.9945372009
1.335	12.9945372009
1.34	13.38539663
1.345	13.4346387628
1.35	13.7793336924
1.355	13.7793336924
1.36	14.1701931215
1.365	14.1701931215
1.37	14.3179195199
1.375	14.3179195199
1.38	14.6595368162
1.385	14.708778949
1.39	15.0042317458
1.395	15.0042317458
1.4	15.2966069093
1.405	15.3458490421
1.41	15.6413018389
1.415	15.5920597061
1.42	15.9829191352
1.425	15.9829191352
1.43	16.278371932
1.435	16.278371932
1.44	16.6692313611
1.445	16.6692313611
1.45	16.9646841579
1.455	17.0139262907
1.46	17.3063014542
1.465	17.3063014542
1.47	17.601754251
1.475	17.601754251
1.48	17.9433715473
1.485	17.9926136801
1.49	18.2388243441
1.495	18.2388243441
1.5	18.5311995076
1.505	18.5311995076
1.51	18.8266523044
1.515	18.8266523044
1.52	19.2667538663
1.525	19.2175117335
1.53	19.4144802647
1.535	19.4144802647
1.54	19.8053396938
1.545	19.8545818266
1.55	20.1007924906
1.555	20.1007924906
1.56	20.4424097869
1.565	20.4424097869
1.57	20.7378625837
1.575	20.7378625837
1.58	21.1287220128
1.585	21.1287220128
1.59	21.325690544
1.595	21.4241748096
1.6	21.6673078403
1.605	21.6673078403
1.61	21.8642763715
1.615	21.8642763715
1.62	22.156651535
1.625	22.156651535
1.63	22.4521043318
1.635	22.4521043318
1.64	22.9414480265
1.645	22.9414480265
1.65	23.0891744249
1.655	23.0891744249
1.66	23.4307917212
1.665	23.4307917212
1.67	23.8247287836
1.675	23.7754866508
1.68	24.0186196815
1.685	24.0186196815
1.69	24.4617988767
1.695	24.5110410095
1.7	24.7541740402
1.705	24.7049319074
1.71	24.803416173
1.715	24.803416173
1.72	25.0988689698
1.725	25.1450334693
1.73	25.4404862661
1.735	25.4404862661
1.74	25.7359390629
1.745	25.7359390629
1.75	25.9790720936
1.755	25.9298299608
1.76	26.3237670232
1.765	26.3237670232
1.77	26.5669000539
1.775	26.5669000539
1.78	27.0562437486
1.785	27.0562437486
1.79	27.3024544126
1.795	27.3024544126
1.8	27.6933138417
1.805	27.7425559745
1.81	27.8902823729
1.815	27.9395245057
1.82	28.281141802
1.825	28.281141802
1.83	28.4288682004
1.835	28.4781103332
1.84	28.7243209972
1.845	28.7243209972
1.85	28.8228052628
1.855	28.8228052628
1.86	29.0166961607
1.865	29.0166961607
1.87	29.3121489575
1.875	29.3121489575
1.88	29.604524121
1.885	29.604524121
1.89	29.8999769178
1.895	29.8999769178
1.9	30.2908363468
1.905	30.241594214
1.91	30.5370470108
1.915	30.5370470108
1.92	30.8786643071
1.925	30.8786643071
1.93	31.1248749711
1.935	31.1248749711
1.94	31.3218435023
1.945	31.3218435023
1.95	31.6634607986
1.955	31.6634607986
1.96	31.8604293298
1.965	31.8604293298
1.97	32.1528044933
1.975	32.1035623605
1.98	32.4482572901
1.985	32.4482572901
1.99	32.7406324536
1.995	32.7406324536
2	32.9868431176
2.005	32.9868431176
2.01	33.2792182811
2.015	33.3777025467
2.02	33.6239132107
2.025	33.6239132107
2.03	33.7716396091
2.035	33.7716396091
2.04	34.1132569054
2.045	34.1132569054
2.05	34.3594675694
2.055	34.3594675694
2.06	34.6518427329
2.065	34.6026006001
2.07	34.8488112641
2.075	34.8488112641
2.08	35.1411864276
2.085	35.1411864276
2.09	35.4858813572
2.095	35.4858813572
2.1	35.6797722551
2.105	35.6797722551
2.11	35.9259829191
2.115	35.9259829191
2.12	36.2706778487
2.125	36.2706778487
2.13	36.5630530122
2.135	36.612295145
2.14	37.0031545741
2.145	37.0031545741
2.15	37.2493652381
2.155	37.2493652381
2.16	37.5417404016
2.165	37.4955759021
2.17	37.7879510656
2.175	37.7387089328
2.18	38.0834038624
2.185	38.0834038624
2.19	38.2772947603
2.195	38.2280526275
2.2	38.5727475571
2.205	38.5235054243
2.21	38.8651227206
2.215	38.8651227206
2.22	39.1605755174
2.225	39.1113333846
2.23	39.3083019158
2.235	39.3083019158
2.24	39.5514349465
2.245	39.6006770793
2.25	40.0407786412
2.255	39.9946141417
2.26	40.2377471724
2.265	40.2377471724
2.27	40.4347157036
2.275	40.4839578364
2.28	40.7270908671
2.285	40.7270908671
2.29	41.0717857967
2.295	41.0717857967
2.3	41.2656766946
2.305	41.2656766946
2.31	41.3641609602
2.315	41.3641609602
2.32	41.8073401554
2.325	41.8565822882
2.33	41.9519889205
2.335	41.9027467877
2.34	42.3459259829
2.345	42.2966838501
2.35	42.5398168808
2.355	42.5890590136
2.36	42.8352696776
2.365	42.8352696776
2.37	43.2753712395
2.375	43.2753712395
2.38	43.4723397707
2.385	43.4723397707
2.39	43.5215819035
2.395	43.5708240363
2.4	43.813957067
2.405	43.8631991998
2.41	44.060167731
2.415	44.1094098638
2.42	44.4017850273
2.425	44.4510271601
2.43	44.6972378241
2.435	44.7464799569
2.44	44.8449642225
2.445	44.8449642225
2.45	45.0388551204
2.455	45.137339386
2.46	45.4820343156
2.465	45.4820343156
2.47	45.6266830807
2.475	45.6266830807
2.48	45.8728937447
2.485	45.8236516119
2.49	46.1683465415
2.495	46.1683465415
2.5	46.5592059706
2.505	46.5592059706
2.51	46.7561745018
2.515	46.7561745018
2.52	46.9008232669
2.525	46.9008232669
2.53	47.2455181965
2.535	47.2947603293
2.54	47.3932445949
2.545	47.4424867277
2.55	47.6363776256
2.555	47.6856197584
2.56	48.0764791875
2.565	48.0764791875
2.57	48.3226898515
2.575	48.3226898515
2.58	48.5196583827
2.585	48.5196583827
2.59	48.7135492806
2.595	48.7135492806
2.6	49.0582442102
2.605	49.0090020774
2.61	49.2059706086
2.615	49.2552127414
2.62	49.5968300377
2.625	49.6460721705
2.63	49.938447334
2.635	49.9876894668
2.64	50.1354158652
2.645	50.1354158652
2.65	50.4801107948
2.655	50.4801107948
2.66	50.6247595599
2.665	50.6247595599
2.67	50.9694544895
2.675	51.0186966223
2.68	51.1171808879
2.685	51.1633453874
2.69	51.3110717858
2.695	51.3110717858
2.7	51.754250981
2.705	51.7050088482
2.71	51.9481418789
2.715	51.8496576133
2.72	52.2435946757
2.725	52.1943525429
2.73	52.6836962376
2.735	52.6344541048
2.74	52.9299069016
2.745	52.9299069016
2.75	53.2715241979
2.755	53.2715241979
2.76	53.4684927291
2.765	53.4684927291
2.77	53.662383627
2.775	53.662383627
2.78	53.9578364238
2.785	53.9578364238
2.79	54.2040470878
2.795	54.2040470878
2.8	54.4471801185
2.805	54.4471801185
2.81	54.6933907825
2.815	54.7426329153
2.82	54.9365238132
2.825	54.9365238132
2.83	55.23197661
2.835	55.23197661
2.84	55.3797030084
2.845	55.3797030084
2.85	55.8690467031
2.855	55.8198045703
2.86	56.0167731015
2.865	56.0660152343
2.87	56.3583903978
2.875	56.3583903978
2.88	56.7492498269
2.885	56.7492498269
2.89	57.1431868893
2.895	57.1431868893
2.9	57.4355620528
2.905	57.38631992
2.91	57.632530584
2.915	57.632530584
2.92	57.878741248
2.925	57.878741248
2.93	58.0726321459
2.935	58.0726321459
2.94	58.3188428099
2.945	58.3188428099
2.95	58.709702239
2.955	58.709702239
2.96	58.9066707702
2.965	58.9066707702
2.97	59.1528814342
2.975	59.202123567
2.98	59.3960144649
2.985	59.3960144649
2.99	59.6422251289
2.995	59.6422251289
3	60.0823266908
3.005	60.0823266908
3.01	60.3285373548
3.015	60.3285373548
3.02	60.6209125183
3.025	60.6209125183
3.03	60.8671231823
3.035	60.8671231823
3.04	61.2579826114
3.045	61.2087404786
3.05	61.5534354082
3.055	61.5041932754
3.06	61.9442948373
3.065	61.9442948373
3.07	62.2889897669
3.075	62.2889897669
3.08	62.5813649304
3.085	62.5813649304
3.09	62.92605986
3.095	62.92605986
3.1	63.2184350235
3.105	63.2184350235
3.11	63.5138878203
3.115	63.4646456875
3.12	63.757020851
3.125	63.757020851
3.13	64.1509579134
3.135	64.1509579134
3.14	64.3940909441
3.145	64.3940909441
3.15	64.6895437409
3.155	64.6895437409
3.16	65.0311610372
3.165	64.9819189044
3.17	65.3758559668
3.175	65.3758559668
3.18	65.6682311303
3.185	65.7174732631
3.19	65.9636839271
3.195	65.9144417943
3.2	66.3053012234
3.205	66.3053012234
3.21	66.5022697546
3.215	66.4530276218
3.22	66.8438870509
3.225	66.7946449181
3.23	67.1393398477
3.235	67.0900977149
3.24	67.5301992768
3.245	67.5301992768
3.25	67.727167808
3.255	67.727167808
3.26	68.0195429715
3.265	68.0195429715
3.27	68.558128799
3.275	68.558128799
3.28	68.7550973302
3.285	68.7058551974
3.29	69.1459567593
3.295	69.0997922598
3.3	69.4414095561
3.305	69.4414095561
3.31	69.7368623529
3.315	69.6876202201
3.32	69.881511118
3.325	69.881511118
3.33	70.3708548126
3.335	70.2754481803
3.34	70.6663076094
3.345	70.6663076094
3.35	70.9617604062
3.355	70.9617604062
3.36	71.2541355697
3.365	71.2541355697
3.37	71.5988304993
3.375	71.6449949988
3.38	71.84196353
3.385	71.9404477956
3.39	72.1866584596
3.395	72.1374163268
3.4	72.4297914903
3.405	72.4297914903
3.41	72.7252442871
3.415	72.7744864199
3.42	73.0176194506
3.425	73.0176194506
3.43	73.411556513
3.435	73.4607986458
3.44	73.7039316765
3.445	73.7039316765
3.45	73.9993844733
3.455	73.9993844733
3.46	74.3902439024
3.465	74.3902439024
3.47	74.7811033315
3.475	74.7811033315
3.48	74.9288297299
3.485	74.8795875971
3.49	75.3689312918
3.495	75.319689159
3.5	75.565899823
3.505	75.6151419558
3.51	75.9105947526
3.515	75.9105947526
3.52	76.2522120489
3.525	76.3014541817
3.53	76.643071478
3.535	76.643071478
3.54	76.7415557436
3.545	76.7907978764
3.55	77.135492806
3.555	77.135492806
3.56	77.4278679695
3.565	77.3786258367
3.57	77.6248365007
3.575	77.6740786335
3.58	78.0649380626
3.585	77.966453797
3.59	78.212664461
3.595	78.212664461
3.6	78.7020081557
3.605	78.7020081557
3.61	79.0928675848
3.615	79.0928675848
3.62	79.3883203816
3.625	79.3883203816
3.63	79.6345310456
3.635	79.6345310456
3.64	79.8776640763
3.645	79.8776640763
3.65	80.2223590059
3.655	80.2223590059
3.66	80.5639763022
3.665	80.6624605678
3.67	81.0040778641
3.675	81.0040778641
3.68	81.1025621297
3.685	81.1025621297
3.69	81.4964991921
3.695	81.4964991921
3.7	81.7396322228
3.705	81.7396322228
3.71	82.0843271524
3.715	82.1335692852
3.72	82.4259444487
3.725	82.4751865815
3.73	82.6229129799
3.735	82.6229129799
3.74	83.013772409
3.745	83.013772409
3.75	83.259983073
3.755	83.2107409402
3.76	83.6016003693
3.765	83.6016003693
3.77	83.9462952989
3.775	83.9462952989
3.78	84.2386704624
3.785	84.2879125952
3.79	84.5341232592
3.795	84.4848811264
3.8	84.8757405555
3.805	84.9249826883
3.81	85.0727090867
3.815	85.0234669539
3.82	85.414326383
3.825	85.3650842502
3.83	85.4635685158
3.835	85.4635685158
3.84	85.9529122105
3.845	85.9529122105
3.85	86.2976071401
3.855	86.1991228745
3.86	86.4453335385
3.865	86.3960914057
3.87	86.6884665692
3.875	86.6392244364
3.88	87.0824036316
3.885	87.0824036316
3.89	87.6209894591
3.895	87.6209894591
3.9	88.0118488882
3.905	88.0118488882
3.91	88.307301685
3.915	88.2088174194
3.92	88.5011925829
3.925	88.5011925829
3.93	88.6981611141
3.935	88.6981611141
3.94	89.0397784104
3.945	89.0397784104
3.95	89.1875048088
3.955	89.1875048088
3.96	89.4829576056
3.965	89.4829576056
3.97	89.6768485035
3.975	89.7260906363
3.98	90.0215434331
3.985	90.0707855659
3.99	90.4124028622
3.995	90.4124028622
4	90.6586135262
4.005	90.6586135262
4.01	90.9017465569
4.015	90.9017465569
4.02	91.3941678849
4.025	91.3449257521
4.03	91.6373009156
4.035	91.6373009156
4.04	91.8835115796
4.045	91.9327537124
4.05	92.1758867431
4.055	92.2251288759
4.06	92.4220974071
4.065	92.4220974071
4.07	92.7144725706
4.075	92.7144725706
4.08	92.9114411018
4.085	92.9606832346
4.09	93.3515426637
4.095	93.3515426637
4.1	93.5977533277
4.105	93.5977533277
4.11	93.7454797261
4.115	93.7454797261
4.12	93.9886127568
4.125	93.9886127568
4.13	94.3825498192
4.135	94.3825498192
4.14	94.7241671155
4.145	94.6749249827
4.15	94.7241671155
4.155	94.7734092483
4.16	95.0688620451
4.165	95.0688620451
4.17	95.262752943
4.175	95.1642686774
4.18	95.5582057398
4.185	95.5582057398
4.19	95.8013387705
4.195	95.8505809033
4.2	96.1460337001
4.205	96.1460337001
4.21	96.4876509964
4.215	96.4876509964
4.22	96.6846195276
4.225	96.6846195276
4.23	96.6353773948
4.235	96.6846195276
4.24	96.6846195276
4.245	96.6846195276
4.25	96.6353773948
4.255	96.6846195276
4.26	96.6353773948
4.265	96.6353773948
4.27	96.6353773948
4.275	96.6846195276
4.28	96.6353773948
4.285	96.6846195276
4.29	96.6846195276
4.295	96.6353773948
4.3	96.6353773948
4.305	96.6846195276
4.31	96.6846195276
4.315	96.6846195276
4.32	96.6353773948
4.325	96.6846195276
4.33	96.6846195276
4.335	96.6846195276
4.34	96.6846195276
4.345	96.6846195276
4.35	96.6353773948
4.355	96.6353773948
4.36	96.6846195276
4.365	96.6846195276
4.37	96.6846195276
4.375	96.6353773948
4.38	96.6846195276
4.385	96.6846195276
4.39	96.6846195276
4.395	96.6353773948
4.4	96.6846195276
4.405	96.6846195276
4.41	96.6846195276
4.415	96.6353773948
4.42	96.6353773948
4.425	96.6846195276
4.43	96.6846195276
4.435	96.6846195276
4.44	96.6846195276
4.445	96.6353773948
4.45	96.6353773948
4.455	96.6846195276
4.46	96.6846195276
4.465	96.6846195276
4.47	96.6846195276
4.475	96.6846195276
4.48	96.6846195276
4.485	96.6846195276
4.49	96.6846195276
4.495	96.6353773948
4.5	96.6846195276
4.505	96.6846195276
4.51	96.6353773948
4.515	96.6353773948
4.52	96.6846195276
4.525	96.6353773948
4.53	96.6846195276
4.535	96.6846195276
4.54	96.6846195276
4.545	96.6846195276
4.55	96.6846195276
4.555	96.6846195276
4.56	96.6846195276
4.565	96.6846195276
4.57	96.6846195276
4.575	96.6846195276
4.58	96.6846195276
4.585	96.6846195276
4.59	96.6846195276
4.595	96.6846195276
4.6	96.6846195276
4.605	96.6846195276
4.61	96.6353773948
4.615	96.6846195276
4.62	96.6846195276
4.625	96.6353773948
4.63	96.6846195276
4.635	96.6846195276
4.64	96.6846195276
4.645	96.6846195276
4.65	96.6846195276
4.655	96.6353773948
4.66	96.6846195276
4.665	96.6353773948
4.67	96.6353773948
4.675	96.6846195276
4.68	96.6353773948
4.685	96.6353773948
4.69	96.6353773948
4.695	96.6353773948
4.7	96.6846195276
4.705	96.6846195276
4.71	96.6846195276
4.715	96.6353773948
4.72	96.6353773948
4.725	96.6353773948
4.73	96.6846195276
4.735	96.6846195276
4.74	96.6846195276
4.745	96.6353773948
4.75	96.6846195276
4.755	96.6846195276
4.76	96.6353773948
4.765	96.6846195276
4.77	96.6846195276
4.775	96.6353773948
4.78	96.6353773948
4.785	96.6846195276
4.79	96.6846195276
4.795	96.6846195276
4.8	96.6846195276
4.805	96.6846195276
4.81	96.6846195276
4.815	96.6846195276
4.82	96.6353773948
4.825	96.6353773948
4.83	96.6846195276
4.835	96.6846195276
4.84	96.6846195276
4.845	96.6353773948
4.85	96.6846195276
4.855	96.6846195276
4.86	96.6353773948
4.865	96.6846195276
4.87	96.6846195276
4.875	96.6846195276
4.88	96.6846195276
4.885	96.6353773948
4.89	96.6846195276
4.895	96.6846195276
4.9	96.6846195276
4.905	96.6846195276
4.91	96.6846195276
4.915	96.6846195276
4.92	96.6353773948
4.925	96.6353773948
4.93	96.6846195276
4.935	96.6353773948
4.94	96.6846195276
4.945	96.6846195276
4.95	96.6846195276
4.955	96.6846195276
4.96	96.6846195276
4.965	96.6846195276
4.97	96.6846195276
4.975	96.6846195276
4.98	96.6846195276
4.985	96.6846195276
4.99	96.6846195276
4.995	96.6353773948
5	96.6846195276
5.005	96.6846195276
5.01	96.6353773948
5.015	96.6846195276
5.02	96.6846195276
5.025	96.6846195276
5.03	96.6846195276
5.035	96.6846195276
5.04	96.6846195276
5.045	96.6846195276
5.05	96.6846195276
5.055	96.6846195276
5.06	96.6846195276
5.065	96.6353773948
5.07	96.6353773948
5.075	96.6846195276
5.08	96.6846195276
5.085	96.6353773948
5.09	96.6846195276
5.095	96.6846195276
5.1	96.6846195276
5.105	96.6353773948
5.11	96.6846195276
5.115	96.6846195276
