Vernier Format 2
blank_mit_gewicht.cmbl 18.03.2025 18:39:07 .
Aktuell
Zeit	Potenzial
t	Pot
s	cm

0	-0.137724090175
0.005	-0.0392398245749
0.01	-0.0884819573748
0.015	-0.0884819573748
0.02	-0.0392398245749
0.025	-0.0392398245749
0.03	-0.0392398245749
0.035	-0.0392398245749
0.04	-0.0392398245749
0.045	-0.0392398245749
0.05	-0.0392398245749
0.055	-0.0392398245749
0.06	-0.0884819573748
0.065	0.010002308225
0.07	-0.0392398245749
0.075	-0.137724090175
0.08	-0.0884819573748
0.085	-0.236208355774
0.09	-0.186966222975
0.095	-0.0392398245749
0.1	-0.0884819573748
0.105	-0.282372855274
0.11	-0.186966222975
0.115	-0.137724090175
0.12	-0.137724090175
0.125	-0.0884819573748
0.13	-0.0884819573748
0.135	-0.236208355774
0.14	-0.186966222975
0.145	-0.186966222975
0.15	-0.186966222975
0.155	-0.0392398245749
0.16	-0.0884819573748
0.165	-0.137724090175
0.17	-0.0884819573748
0.175	-0.380857120874
0.18	-0.282372855274
0.185	-0.282372855274
0.19	-0.282372855274
0.195	-0.380857120874
0.2	-0.331614988074
0.205	-0.331614988074
0.21	-0.331614988074
0.215	-0.331614988074
0.22	-0.331614988074
0.225	-0.331614988074
0.23	-0.331614988074
0.235	-0.331614988074
0.24	-0.331614988074
0.245	0.108486573825
0.25	0.0592444410249
0.255	-0.0884819573748
0.26	-0.0392398245749
0.265	-0.0884819573748
0.27	-0.0884819573748
0.275	-0.0884819573748
0.28	-0.137724090175
0.285	0.010002308225
0.29	-0.0392398245749
0.295	-0.0392398245749
0.3	0.010002308225
0.305	-0.0392398245749
0.31	-0.0392398245749
0.315	0.010002308225
0.32	-0.0392398245749
0.325	0.010002308225
0.33	0.010002308225
0.335	0.0592444410249
0.34	0.0592444410249
0.345	-0.0884819573748
0.35	-0.0884819573748
0.355	-0.0392398245749
0.36	-0.0392398245749
0.365	-0.0392398245749
0.37	0.010002308225
0.375	-0.0884819573748
0.38	-0.0884819573748
0.385	-0.0884819573748
0.39	-0.137724090175
0.395	0.0592444410249
0.4	-0.0392398245749
0.405	-0.137724090175
0.41	-0.0884819573748
0.415	-0.0392398245749
0.42	-0.0884819573748
0.425	-0.137724090175
0.43	-0.0884819573748
0.435	-0.186966222975
0.44	-0.186966222975
0.445	-0.0884819573748
0.45	-0.0884819573748
0.455	-0.0884819573748
0.46	-0.0884819573748
0.465	-0.0884819573748
0.47	-0.0884819573748
0.475	-0.0884819573748
0.48	-0.137724090175
0.485	-0.236208355774
0.49	-0.186966222975
0.495	-0.186966222975
0.5	-0.186966222975
0.505	-0.236208355774
0.51	-0.282372855274
0.515	0.108486573825
0.52	0.010002308225
0.525	-0.0884819573748
0.53	-0.0392398245749
0.535	-0.0392398245749
0.54	-0.0392398245749
0.545	0.010002308225
0.55	-0.0392398245749
0.555	-0.0392398245749
0.56	-0.0392398245749
0.565	0.0592444410249
0.57	0.010002308225
0.575	-0.0392398245749
0.58	-0.0392398245749
0.585	-0.0392398245749
0.59	-0.0392398245749
0.595	0.0592444410249
0.6	0.0592444410249
0.605	0.0592444410249
0.61	0.0592444410249
0.615	-0.0392398245749
0.62	-0.0392398245749
0.625	-0.0392398245749
0.63	-0.0392398245749
0.635	-0.0392398245749
0.64	-0.0392398245749
0.645	0.0592444410249
0.65	0.0592444410249
0.655	-0.479341386474
0.66	-0.331614988074
0.665	-0.331614988074
0.67	-0.331614988074
0.675	-0.380857120874
0.68	-0.380857120874
0.685	-0.282372855274
0.69	-0.282372855274
0.695	-0.282372855274
0.7	-0.282372855274
0.705	-0.186966222975
0.71	-0.236208355774
0.715	-0.282372855274
0.72	-0.282372855274
0.725	-0.282372855274
0.73	-0.282372855274
0.735	-0.137724090175
0.74	-0.186966222975
0.745	-0.0884819573748
0.75	-0.137724090175
0.755	-0.282372855274
0.76	-0.236208355774
0.765	-0.137724090175
0.77	-0.137724090175
0.775	-0.380857120874
0.78	-0.282372855274
0.785	-0.0392398245749
0.79	-0.0884819573748
0.795	-0.331614988074
0.8	-0.282372855274
0.805	-0.186966222975
0.81	-0.186966222975
0.815	-0.282372855274
0.82	-0.282372855274
0.825	-0.282372855274
0.83	-0.282372855274
0.835	-0.236208355774
0.84	-0.282372855274
0.845	-0.0884819573748
0.85	-0.137724090175
0.855	-0.236208355774
0.86	-0.186966222975
0.865	-0.0884819573748
0.87	-0.0884819573748
0.875	-0.331614988074
0.88	-0.282372855274
0.885	0.010002308225
0.89	-0.0392398245749
0.895	-0.137724090175
0.9	-0.0884819573748
0.905	-0.186966222975
0.91	-0.186966222975
0.915	-0.0884819573748
0.92	-0.137724090175
0.925	-0.0884819573748
0.93	-0.0884819573748
0.935	-0.0392398245749
0.94	-0.0884819573748
0.945	0.0592444410249
0.95	0.010002308225
0.955	0.206970839424
0.96	0.157728706625
0.965	0.354697237824
0.97	0.305455105024
0.975	0.548588135724
0.98	0.548588135724
0.985	0.893283065323
0.99	0.844040932523
0.995	1.08717396322
1	1.03793183042
1.005	1.53035315842
1.01	1.48111102562
1.015	1.87197045472
1.02	1.82272832192
1.025	2.26282988382
1.03	2.21666538432
1.035	2.70600907902
1.04	2.65676694622
1.045	3.04762637532
1.05	2.99838424252
1.055	3.39232130492
1.06	3.44156343772
1.065	4.22328229591
1.07	4.17404016311
1.075	4.66646149111
1.08	4.66646149111
1.085	5.44818034931
1.09	5.39893821651
1.095	5.98676617681
1.1	5.98676617681
1.105	6.57459413711
1.11	6.57459413711
1.115	7.31014849581
1.12	7.31014849581
1.125	7.89797645611
1.13	7.89797645611
1.135	8.7320150804
1.14	8.7812572132
1.145	9.4675694391
1.15	9.4675694391
1.155	10.3970146957
1.16	10.3970146957
1.165	11.23105332
1.17	11.2802954528
1.175	12.2589828422
1.18	12.2589828422
1.185	13.2407478649
1.19	13.2899899977
1.195	14.3179195199
1.2	14.3179195199
1.205	15.3950911749
1.21	15.3950911749
1.215	16.4722628299
1.22	16.5215049627
1.225	17.601754251
1.23	17.6509963838
1.235	18.7281680388
1.24	18.7774101716
1.245	20.1007924906
1.25	20.1007924906
1.255	21.325690544
1.26	21.3749326768
1.265	22.4521043318
1.27	22.5505885974
1.275	23.8247287836
1.28	23.8739709164
1.285	25.3912441333
1.29	25.4404862661
1.295	26.7146264523
1.3	26.7638685851
1.305	28.1857351697
1.31	28.281141802
1.315	29.5552819882
1.32	29.604524121
1.325	31.1741171039
1.33	31.2233592367
1.335	32.6913903208
1.34	32.7406324536
1.345	34.211741171
1.35	34.3102254366
1.355	35.8767407863
1.36	35.9259829191
1.365	37.5909825344
1.37	37.6894668
1.375	39.4037085481
1.38	39.4529506809
1.385	41.0717857967
1.39	41.1210279295
1.395	42.6875432792
1.4	42.9337539432
1.405	44.7464799569
1.41	44.8449642225
1.415	46.5592059706
1.42	46.6576902362
1.425	48.4211741171
1.43	48.5196583827
1.435	50.3816265292
1.44	50.430868662
1.445	52.3913210741
1.45	52.4374855736
1.455	54.2994537201
1.46	54.3486958529
1.465	56.4568746634
1.47	56.4568746634
1.475	58.4665692083
1.48	58.5158113411
1.485	60.6209125183
1.49	60.6701546511
1.495	62.9722243595
1.5	63.0214664923
1.505	64.9819189044
1.51	65.0311610372
1.515	67.2378241133
1.52	67.3332307456
1.525	69.6876202201
1.53	69.7368623529
1.535	72.0389320612
1.54	72.1374163268
1.545	74.3902439024
1.55	74.4394860352
1.555	76.889282142
1.56	76.889282142
1.565	79.2405939832
1.57	79.289836116
1.575	81.8381164884
1.58	81.8381164884
1.585	84.3863968608
1.59	84.3863968608
1.595	86.9346772332
1.6	86.983919366
1.605	89.4337154728
1.61	89.4337154728
1.615	91.8342694468
1.62	91.9327537124
1.625	94.4810340848
1.63	94.5271985843
1.635	96.6353773948
1.64	96.6846195276
1.645	96.6846195276
1.65	96.6846195276
1.655	96.6353773948
1.66	96.6353773948
1.665	96.6353773948
1.67	96.6846195276
1.675	96.6353773948
1.68	96.6353773948
1.685	96.6846195276
1.69	96.6846195276
1.695	96.6846195276
1.7	96.6846195276
1.705	96.6846195276
1.71	96.6353773948
1.715	96.6353773948
1.72	96.6846195276
1.725	96.6846195276
1.73	96.6846195276
1.735	96.6846195276
1.74	96.6353773948
1.745	96.6353773948
1.75	96.6846195276
1.755	96.6353773948
1.76	96.6846195276
1.765	96.6353773948
1.77	96.6846195276
1.775	96.6846195276
1.78	96.6353773948
1.785	96.6846195276
1.79	96.6353773948
1.795	96.6846195276
1.8	96.6846195276
1.805	96.6846195276
1.81	96.6846195276
1.815	96.6846195276
1.82	96.6353773948
1.825	96.6353773948
1.83	96.6353773948
1.835	96.6846195276
1.84	96.6846195276
1.845	96.6846195276
1.85	96.6846195276
1.855	96.6846195276
1.86	96.6846195276
1.865	96.6353773948
1.87	96.6353773948
1.875	96.6846195276
1.88	96.6353773948
1.885	96.6353773948
1.89	96.6846195276
1.895	96.6846195276
1.9	96.6353773948
1.905	96.6846195276
1.91	96.6846195276
1.915	96.6846195276
1.92	96.6846195276
1.925	96.6353773948
1.93	96.6846195276
1.935	96.6846195276
1.94	96.6353773948
1.945	96.6846195276
1.95	96.6846195276
1.955	96.6846195276
1.96	96.6353773948
1.965	96.6353773948
1.97	96.6846195276
1.975	96.6846195276
1.98	96.6846195276
1.985	96.6846195276
1.99	96.6846195276
1.995	96.6846195276
2	96.6846195276
2.005	96.6353773948
2.01	96.6846195276
2.015	96.6846195276
2.02	96.6846195276
2.025	96.6353773948
2.03	96.6846195276
2.035	96.6353773948
2.04	96.6353773948
2.045	96.6846195276
2.05	96.6846195276
2.055	96.6846195276
2.06	96.6846195276
2.065	96.6846195276
2.07	96.6846195276
2.075	96.6353773948
2.08	96.6353773948
2.085	96.6353773948
2.09	96.6846195276
2.095	96.6846195276
2.1	96.6846195276
2.105	96.6846195276
2.11	96.6846195276
2.115	96.6846195276
2.12	96.6353773948
2.125	96.6846195276
2.13	96.6846195276
2.135	96.6846195276
2.14	96.6846195276
2.145	96.6846195276
2.15	96.6846195276
2.155	96.6353773948
2.16	96.6846195276
2.165	96.6353773948
2.17	96.6846195276
2.175	96.6353773948
2.18	96.6846195276
2.185	96.6846195276
2.19	96.6846195276
2.195	96.6353773948
2.2	96.6353773948
2.205	96.6846195276
2.21	96.6353773948
2.215	96.6846195276
2.22	96.6846195276
2.225	96.6846195276
2.23	96.6353773948
2.235	96.6846195276
