Vernier Format 2
blank_mit_gewicht.cmbl 18.03.2025 18:38:46 .
Aktuell
Zeit	Potenzial
t	Pot
s	cm

0	0.0592444410249
0.005	0.0592444410249
0.01	0.0592444410249
0.015	0.0592444410249
0.02	0.0592444410249
0.025	0.0592444410249
0.03	0.0592444410249
0.035	0.0592444410249
0.04	0.0592444410249
0.045	0.0592444410249
0.05	0.157728706625
0.055	0.206970839424
0.06	0.256212972224
0.065	0.256212972224
0.07	0.206970839424
0.075	0.157728706625
0.08	0.206970839424
0.085	0.206970839424
0.09	0.206970839424
0.095	0.206970839424
0.1	0.0592444410249
0.105	0.0592444410249
0.11	0.108486573825
0.115	0.108486573825
0.12	0.0592444410249
0.125	0.0592444410249
0.13	0.157728706625
0.135	0.157728706625
0.14	0.157728706625
0.145	0.108486573825
0.15	0.108486573825
0.155	0.0592444410249
0.16	0.157728706625
0.165	0.108486573825
0.17	0.108486573825
0.175	0.0592444410249
0.18	0.157728706625
0.185	0.157728706625
0.19	0.0592444410249
0.195	0.0592444410249
0.2	-0.0392398245749
0.205	-0.0392398245749
0.21	-0.0392398245749
0.215	-0.0392398245749
0.22	0.0592444410249
0.225	0.0592444410249
0.23	0.0592444410249
0.235	0.108486573825
0.24	0.206970839424
0.245	0.206970839424
0.25	0.157728706625
0.255	0.108486573825
0.26	0.157728706625
0.265	0.157728706625
0.27	0.157728706625
0.275	0.206970839424
0.28	0.256212972224
0.285	0.256212972224
0.29	0.0592444410249
0.295	0.0592444410249
0.3	0.157728706625
0.305	0.206970839424
0.31	0.305455105024
0.315	0.305455105024
0.32	0.157728706625
0.325	0.157728706625
0.33	0.206970839424
0.335	0.206970839424
0.34	0.108486573825
0.345	0.0592444410249
0.35	0.157728706625
0.355	0.108486573825
0.36	0.0592444410249
0.365	0.0592444410249
0.37	0.157728706625
0.375	0.157728706625
0.38	0.157728706625
0.385	0.108486573825
0.39	0.108486573825
0.395	0.157728706625
0.4	0.157728706625
0.405	0.206970839424
0.41	0.206970839424
0.415	0.157728706625
0.42	0.108486573825
0.425	0.157728706625
0.43	0.157728706625
0.435	0.206970839424
0.44	0.108486573825
0.445	0.108486573825
0.45	0.206970839424
0.455	0.157728706625
0.46	0.256212972224
0.465	0.256212972224
0.47	0.157728706625
0.475	0.157728706625
0.48	0.0592444410249
0.485	0.0592444410249
0.49	0.157728706625
0.495	0.206970839424
0.5	0.157728706625
0.505	0.206970839424
0.51	0.0592444410249
0.515	0.0592444410249
0.52	0.010002308225
0.525	-0.0392398245749
0.53	0.108486573825
0.535	0.0592444410249
0.54	0.108486573825
0.545	0.0592444410249
0.55	-0.0392398245749
0.555	0.010002308225
0.56	-0.0392398245749
0.565	0.010002308225
0.57	0.010002308225
0.575	0.010002308225
0.58	0.0592444410249
0.585	0.0592444410249
0.59	0.0592444410249
0.595	0.0592444410249
0.6	-0.0392398245749
0.605	0.010002308225
0.61	0.0592444410249
0.615	0.108486573825
0.62	0.0592444410249
0.625	0.010002308225
0.63	-0.137724090175
0.635	-0.0884819573748
0.64	-0.0392398245749
0.645	-0.0392398245749
0.65	-0.0392398245749
0.655	-0.0392398245749
0.66	-0.0392398245749
0.665	0.010002308225
0.67	-0.0392398245749
0.675	-0.0392398245749
0.68	0.0592444410249
0.685	0.0592444410249
0.69	0.0592444410249
0.695	0.0592444410249
0.7	-0.0392398245749
0.705	-0.0392398245749
0.71	-0.0884819573748
0.715	-0.0884819573748
0.72	-0.0884819573748
0.725	-0.137724090175
0.73	0.010002308225
0.735	-0.0392398245749
0.74	-0.0392398245749
0.745	-0.0392398245749
0.75	-0.0392398245749
0.755	-0.0392398245749
0.76	-0.0884819573748
0.765	-0.0884819573748
0.77	-0.0884819573748
0.775	-0.0884819573748
0.78	0.0592444410249
0.785	0.0592444410249
0.79	-0.0392398245749
0.795	-0.0392398245749
0.8	0.0592444410249
0.805	0.0592444410249
0.81	0.0592444410249
0.815	0.0592444410249
0.82	-0.0392398245749
0.825	-0.0392398245749
0.83	-0.0392398245749
0.835	-0.0392398245749
0.84	0.0592444410249
0.845	0.0592444410249
0.85	0.108486573825
0.855	0.157728706625
0.86	0.0592444410249
0.865	0.108486573825
0.87	0.206970839424
0.875	0.206970839424
0.88	0.108486573825
0.885	0.0592444410249
0.89	0.0592444410249
0.895	0.108486573825
0.9	0.010002308225
0.905	0.010002308225
0.91	0.206970839424
0.915	0.157728706625
0.92	0.0592444410249
0.925	0.0592444410249
0.93	0.0592444410249
0.935	0.108486573825
0.94	0.256212972224
0.945	0.256212972224
0.95	0.400861737324
0.955	0.400861737324
0.96	0.597830268524
0.965	0.597830268524
0.97	0.844040932523
0.975	0.844040932523
0.98	1.08717396322
0.985	1.08717396322
0.99	1.43186889282
0.995	1.38262676002
1	1.77348618912
1.005	1.77348618912
1.01	2.11818111872
1.015	2.11818111872
1.02	2.50904054782
1.025	2.55828268062
1.03	2.85065784412
1.035	2.85065784412
1.04	3.29383703932
1.045	3.24459490652
1.05	3.78318073402
1.055	3.78318073402
1.06	4.12479803031
1.065	4.17404016311
1.07	4.66646149111
1.075	4.66646149111
1.08	5.20504731861
1.085	5.15580518581
1.09	5.89135954451
1.095	5.89135954451
1.1	6.38070323921
1.105	6.38070323921
1.11	7.11625759791
1.115	7.11625759791
1.12	7.89797645611
1.125	7.89797645611
1.13	8.6335308148
1.135	8.584288682
1.14	9.2706009079
1.145	9.2706009079
1.15	10.1046395322
1.155	10.1046395322
1.16	10.984842656
1.165	10.984842656
1.17	12.0158498115
1.175	12.0158498115
1.18	12.8960529353
1.185	12.8960529353
1.19	13.877817958
1.195	13.8285758252
1.2	14.8565053474
1.205	14.8565053474
1.21	15.9829191352
1.215	15.9829191352
1.22	17.0631684235
1.225	17.0631684235
1.23	18.2880664769
1.235	18.2880664769
1.24	19.3652381319
1.245	19.3159959991
1.25	20.5901361853
1.255	20.5901361853
1.26	21.7657921059
1.265	21.7657921059
1.27	23.0891744249
1.275	23.0399322921
1.28	24.4125567439
1.285	24.4125567439
1.29	25.9298299608
1.295	25.9790720936
1.3	27.3024544126
1.305	27.3024544126
1.31	28.8228052628
1.315	28.8228052628
1.32	30.1431099484
1.325	30.1431099484
1.33	31.9096714626
1.335	31.8604293298
1.34	33.4761868123
1.345	33.4761868123
1.35	34.9965376625
1.355	34.9965376625
1.36	36.9077479418
1.365	36.9077479418
1.37	38.4742632915
1.375	38.4250211587
1.38	40.0407786412
1.385	40.0407786412
1.39	41.8565822882
1.395	41.8565822882
1.4	43.7185504347
1.405	43.7185504347
1.41	45.5805185812
1.415	45.5805185812
1.42	47.3932445949
1.425	47.3932445949
1.43	49.2552127414
1.435	49.2552127414
1.44	51.2125875202
1.445	51.2125875202
1.45	53.1730399323
1.455	53.1237977995
1.46	55.1827344772
1.465	55.1827344772
1.47	57.1924290221
1.475	57.2416711549
1.48	59.3467723321
1.485	59.3960144649
1.49	61.5534354082
1.495	61.5534354082
1.5	63.9047472494
1.505	63.9047472494
1.51	66.0129260599
1.515	66.0129260599
1.52	68.2657536355
1.525	68.3149957683
1.53	70.764791875
1.535	70.764791875
1.54	73.1161037162
1.545	73.1161037162
1.55	75.4181734246
1.555	75.4181734246
1.56	77.8679695314
1.565	77.9172116642
1.57	80.3177656382
1.575	80.2716011387
1.58	82.8660460106
1.585	82.9152881434
1.59	85.414326383
1.595	85.3650842502
1.6	88.307301685
1.605	88.1595752866
1.61	90.6586135262
1.615	90.6586135262
1.62	93.2561360314
1.625	93.2561360314
1.63	95.9490651689
1.635	95.9490651689
1.64	96.6846195276
1.645	96.6846195276
1.65	96.6846195276
1.655	96.6846195276
1.66	96.6846195276
1.665	96.6846195276
1.67	96.6846195276
1.675	96.6353773948
1.68	96.6846195276
1.685	96.6846195276
1.69	96.6846195276
1.695	96.6846195276
1.7	96.6846195276
1.705	96.6846195276
1.71	96.6846195276
1.715	96.6846195276
1.72	96.6846195276
1.725	96.6846195276
1.73	96.6846195276
1.735	96.6846195276
1.74	96.6846195276
1.745	96.6353773948
1.75	96.6353773948
1.755	96.6846195276
1.76	96.6846195276
1.765	96.6846195276
1.77	96.6846195276
1.775	96.6846195276
1.78	96.6846195276
1.785	96.6353773948
1.79	96.6846195276
1.795	96.6846195276
1.8	96.6846195276
1.805	96.6353773948
1.81	96.6846195276
1.815	96.6846195276
1.82	96.6846195276
1.825	96.6353773948
1.83	96.6846195276
1.835	96.6846195276
1.84	96.6846195276
1.845	96.6846195276
1.85	96.6846195276
1.855	96.6846195276
1.86	96.6846195276
1.865	96.6846195276
1.87	96.6353773948
1.875	96.6846195276
1.88	96.6846195276
1.885	96.6846195276
1.89	96.6846195276
1.895	96.6846195276
1.9	96.6846195276
1.905	96.6846195276
1.91	96.6846195276
1.915	96.6846195276
1.92	96.6353773948
1.925	96.6353773948
1.93	96.6353773948
1.935	96.6353773948
1.94	96.6846195276
1.945	96.6846195276
1.95	96.6353773948
1.955	96.6353773948
1.96	96.6353773948
1.965	96.6353773948
1.97	96.6846195276
1.975	96.6353773948
1.98	96.6846195276
1.985	96.6846195276
1.99	96.6846195276
1.995	96.6846195276
2	96.6846195276
2.005	96.6353773948
2.01	96.6846195276
2.015	96.6353773948
2.02	96.6846195276
2.025	96.6846195276
2.03	96.6846195276
2.035	96.6846195276
2.04	96.6846195276
2.045	96.6846195276
2.05	96.6846195276
2.055	96.6846195276
2.06	96.6846195276
2.065	96.6353773948
2.07	96.6846195276
2.075	96.6846195276
2.08	96.6353773948
2.085	96.6353773948
2.09	96.6846195276
2.095	96.6846195276
2.1	96.6846195276
2.105	96.6846195276
2.11	96.6846195276
2.115	96.7338616604
2.12	96.6846195276
2.125	96.6846195276
2.13	96.6846195276
2.135	96.6846195276
2.14	96.6846195276
2.145	96.6846195276
2.15	96.6846195276
2.155	96.6846195276
2.16	96.6353773948
2.165	96.6353773948
2.17	96.6353773948
2.175	96.6353773948
2.18	96.6353773948
2.185	96.6846195276
2.19	96.6846195276
2.195	96.6846195276
2.2	96.6353773948
2.205	96.6846195276
2.21	96.6846195276
2.215	96.6353773948
2.22	96.6353773948
2.225	96.6846195276
2.23	96.6846195276
2.235	96.6846195276
2.24	96.6846195276
2.245	96.6846195276
2.25	96.6846195276
2.255	96.6846195276
2.26	96.6846195276
2.265	96.6353773948
2.27	96.6353773948
2.275	96.6353773948
2.28	96.6353773948
