Vernier Format 2
blank_mit_gewicht.cmbl 18.03.2025 18:29:22 .
Aktuell
Zeit	Potenzial
t	Pot
s	cm

0	-0.137724090175
0.005	-0.0392398245749
0.01	-0.0392398245749
0.015	-0.0392398245749
0.02	-0.0392398245749
0.025	-0.0884819573748
0.03	-0.0884819573748
0.035	-0.137724090175
0.04	-0.137724090175
0.045	-0.282372855274
0.05	-0.282372855274
0.055	-0.236208355774
0.06	-0.282372855274
0.065	-0.282372855274
0.07	-0.282372855274
0.075	-0.282372855274
0.08	-0.282372855274
0.085	-0.282372855274
0.09	-0.282372855274
0.095	-0.186966222975
0.1	-0.186966222975
0.105	-0.282372855274
0.11	-0.282372855274
0.115	-0.282372855274
0.12	-0.282372855274
0.125	-0.137724090175
0.13	-0.0884819573748
0.135	-0.282372855274
0.14	-0.282372855274
0.145	-0.0884819573748
0.15	-0.0392398245749
0.155	-0.0884819573748
0.16	-0.0884819573748
0.165	-0.0392398245749
0.17	-0.0884819573748
0.175	-0.236208355774
0.18	-0.186966222975
0.185	-0.0392398245749
0.19	-0.0392398245749
0.195	-0.186966222975
0.2	-0.186966222975
0.205	-0.186966222975
0.21	-0.186966222975
0.215	-0.0392398245749
0.22	-0.0392398245749
0.225	-0.0884819573748
0.23	-0.0884819573748
0.235	-0.186966222975
0.24	-0.186966222975
0.245	-0.186966222975
0.25	-0.186966222975
0.255	-0.0884819573748
0.26	-0.0884819573748
0.265	-0.186966222975
0.27	-0.137724090175
0.275	-0.137724090175
0.28	-0.137724090175
0.285	-0.186966222975
0.29	-0.186966222975
0.295	-0.186966222975
0.3	-0.137724090175
0.305	-0.186966222975
0.31	-0.186966222975
0.315	-0.282372855274
0.32	-0.282372855274
0.325	-0.0884819573748
0.33	-0.0884819573748
0.335	-0.186966222975
0.34	-0.186966222975
0.345	-0.186966222975
0.35	-0.186966222975
0.355	-0.186966222975
0.36	-0.186966222975
0.365	-0.137724090175
0.37	-0.0884819573748
0.375	-0.186966222975
0.38	-0.186966222975
0.385	0.010002308225
0.39	-0.0392398245749
0.395	-0.0392398245749
0.4	-0.0392398245749
0.405	-0.0392398245749
0.41	-0.0392398245749
0.415	-0.0884819573748
0.42	-0.0884819573748
0.425	-0.0884819573748
0.43	-0.0392398245749
0.435	-0.186966222975
0.44	-0.186966222975
0.445	-0.0392398245749
0.45	-0.0392398245749
0.455	-0.282372855274
0.46	-0.282372855274
0.465	-0.137724090175
0.47	-0.0884819573748
0.475	-0.282372855274
0.48	-0.236208355774
0.485	-0.186966222975
0.49	-0.186966222975
0.495	-0.282372855274
0.5	-0.282372855274
0.505	-0.282372855274
0.51	-0.282372855274
0.515	-0.186966222975
0.52	-0.186966222975
0.525	-0.0884819573748
0.53	-0.0884819573748
0.535	-0.282372855274
0.54	-0.236208355774
0.545	-0.137724090175
0.55	-0.0884819573748
0.555	-0.282372855274
0.56	-0.282372855274
0.565	-0.186966222975
0.57	-0.186966222975
0.575	-0.0392398245749
0.58	-0.0392398245749
0.585	0.010002308225
0.59	-0.0392398245749
0.595	-0.0392398245749
0.6	0.010002308225
0.605	-0.186966222975
0.61	-0.186966222975
0.615	-0.0392398245749
0.62	-0.0392398245749
0.625	-0.0392398245749
0.63	-0.0392398245749
0.635	-0.0392398245749
0.64	-0.0392398245749
0.645	-0.0392398245749
0.65	-0.0392398245749
0.655	-0.186966222975
0.66	-0.186966222975
0.665	-0.282372855274
0.67	-0.236208355774
0.675	-0.0884819573748
0.68	-0.0884819573748
0.685	-0.0392398245749
0.69	-0.0392398245749
0.695	-0.186966222975
0.7	-0.236208355774
0.705	-0.0884819573748
0.71	-0.137724090175
0.715	-0.186966222975
0.72	-0.186966222975
0.725	-0.186966222975
0.73	-0.186966222975
0.735	-0.0392398245749
0.74	-0.0884819573748
0.745	-0.0884819573748
0.75	-0.0884819573748
0.755	-0.137724090175
0.76	-0.0884819573748
0.765	-0.0884819573748
0.77	-0.137724090175
0.775	-0.0392398245749
0.78	-0.0392398245749
0.785	-0.0884819573748
0.79	-0.0392398245749
0.795	-0.0392398245749
0.8	-0.0884819573748
0.805	0.0592444410249
0.81	0.0592444410249
0.815	0.0592444410249
0.82	0.0592444410249
0.825	-0.0392398245749
0.83	-0.0392398245749
0.835	0.0592444410249
0.84	0.0592444410249
0.845	-0.0392398245749
0.85	-0.0392398245749
0.855	0.0592444410249
0.86	0.0592444410249
0.865	-0.137724090175
0.87	-0.137724090175
0.875	-0.186966222975
0.88	-0.186966222975
0.885	-0.0392398245749
0.89	-0.0884819573748
0.895	-0.0392398245749
0.9	-0.0392398245749
0.905	-0.0392398245749
0.91	-0.0392398245749
0.915	-0.0392398245749
0.92	-0.0392398245749
0.925	-0.0392398245749
0.93	-0.0392398245749
0.935	0.0592444410249
0.94	0.0592444410249
0.945	0.0592444410249
0.95	0.0592444410249
0.955	0.010002308225
0.96	-0.0392398245749
0.965	0.0592444410249
0.97	0.0592444410249
0.975	-0.0392398245749
0.98	-0.0392398245749
0.985	0.108486573825
0.99	0.0592444410249
0.995	0.0592444410249
1	0.0592444410249
1.005	-0.0392398245749
1.01	-0.0392398245749
1.015	0.108486573825
1.02	0.0592444410249
1.025	0.0592444410249
1.03	0.0592444410249
1.035	0.157728706625
1.04	0.206970839424
1.045	0.256212972224
1.05	0.256212972224
1.055	0.305455105024
1.06	0.305455105024
1.065	0.400861737324
1.07	0.400861737324
1.075	0.597830268524
1.08	0.597830268524
1.085	0.844040932523
1.09	0.844040932523
1.095	1.03793183042
1.1	1.03793183042
1.105	1.43186889282
1.11	1.43186889282
1.115	1.67500192352
1.12	1.67500192352
1.125	1.92121258752
1.13	1.97045472032
1.135	2.41055628222
1.14	2.41055628222
1.145	2.85065784412
1.15	2.85065784412
1.155	3.19535277372
1.16	3.19535277372
1.165	3.44156343772
1.17	3.44156343772
1.175	3.83242286682
1.18	3.83242286682
1.185	4.22328229591
1.19	4.22328229591
1.195	4.66646149111
1.2	4.66646149111
1.205	5.00807878741
1.21	5.00807878741
1.215	5.79287527891
1.22	5.74363314611
1.225	6.13449257521
1.23	6.13449257521
1.235	6.87004693391
1.24	6.87004693391
1.245	7.40863276141
1.25	7.45787489421
1.255	7.99646072171
1.26	7.99646072171
1.265	8.6335308148
1.27	8.6335308148
1.275	9.2706009079
1.28	9.2706009079
1.285	10.0061552666
1.29	9.9569131338
1.295	10.6432253597
1.3	10.6432253597
1.305	11.3787797184
1.31	11.3787797184
1.315	12.4559513734
1.32	12.4067092406
1.325	13.2407478649
1.33	13.2407478649
1.335	14.2194352543
1.34	14.2194352543
1.345	15.1027160114
1.35	15.1027160114
1.355	16.1798876664
1.36	16.1798876664
1.365	17.1585750558
1.37	17.1585750558
1.375	18.1403400785
1.38	18.1403400785
1.385	19.3159959991
1.39	19.3159959991
1.395	20.3931676541
1.4	20.4424097869
1.405	21.4703393091
1.41	21.5195814419
1.415	22.5505885974
1.42	22.5998307302
1.425	23.7754866508
1.43	23.8247287836
1.435	24.9511425714
1.44	25.0003847042
1.445	26.1760406248
1.45	26.1760406248
1.455	27.4994229438
1.46	27.4994229438
1.465	28.7243209972
1.47	28.7243209972
1.475	30.241594214
1.48	30.241594214
1.485	31.564976533
1.49	31.564976533
1.495	32.9868431176
1.5	32.9868431176
1.505	34.4087097022
1.51	34.4087097022
1.515	35.9259829191
1.52	35.9752250519
1.525	37.4463337693
1.53	37.4463337693
1.535	39.0620912518
1.54	39.012849119
1.545	40.4839578364
1.55	40.5331999692
1.555	42.0504731861
1.56	42.0504731861
1.565	43.813957067
1.57	43.7647149342
1.575	45.3343079172
1.58	45.38355005
1.585	46.9993075325
1.59	46.9993075325
1.595	48.7135492806
1.6	48.7135492806
1.605	50.4801107948
1.61	50.4801107948
1.615	52.1943525429
1.62	52.1943525429
1.625	54.0563206894
1.63	54.0563206894
1.635	55.9182888359
1.64	55.9182888359
1.645	57.7310148496
1.65	57.7310148496
1.655	59.7899515273
1.66	59.7899515273
1.665	61.6519196738
1.67	61.6519196738
1.675	63.8062629838
1.68	63.8062629838
1.685	65.5697468647
1.69	65.5697468647
1.695	67.6286835424
1.7	67.6286835424
1.705	69.7368623529
1.71	69.7368623529
1.715	71.6449949988
1.72	71.7434792644
1.725	73.6054474109
1.73	73.6054474109
1.735	75.5166576902
1.74	75.565899823
1.745	77.6248365007
1.75	77.6740786335
1.755	79.289836116
1.76	79.289836116
1.765	81.1025621297
1.77	81.1025621297
1.775	82.8168038778
1.78	82.8168038778
1.785	84.2879125952
1.79	84.2879125952
1.795	85.9529122105
1.8	85.9529122105
1.805	87.5225051935
1.81	87.5225051935
1.815	88.8458875125
1.82	88.8951296453
1.825	90.215434331
1.83	90.215434331
1.835	91.4403323844
1.84	91.4403323844
1.845	92.8129568362
1.85	92.8129568362
1.855	93.9886127568
1.86	93.9886127568
1.865	95.2135108102
1.87	95.2135108102
1.875	96.1460337001
1.88	96.1460337001
1.885	96.6846195276
1.89	96.6846195276
1.895	96.6846195276
1.9	96.6846195276
1.905	96.6846195276
1.91	96.6353773948
1.915	96.6846195276
1.92	96.6846195276
1.925	96.6846195276
1.93	96.6846195276
1.935	96.6353773948
1.94	96.6846195276
1.945	96.6353773948
1.95	96.6846195276
1.955	96.6846195276
1.96	96.6846195276
1.965	96.6846195276
1.97	96.6846195276
1.975	96.6353773948
1.98	96.6353773948
1.985	96.6353773948
1.99	96.6846195276
1.995	96.6846195276
2	96.6846195276
2.005	96.6846195276
2.01	96.6353773948
2.015	96.6846195276
2.02	96.6846195276
2.025	96.6846195276
2.03	96.6846195276
2.035	96.6353773948
2.04	96.6846195276
2.045	96.6846195276
2.05	96.6846195276
2.055	96.6353773948
2.06	96.6846195276
2.065	96.6353773948
2.07	96.6846195276
2.075	96.6846195276
2.08	96.6846195276
2.085	96.6846195276
2.09	96.6846195276
2.095	96.6846195276
2.1	96.6353773948
2.105	96.6353773948
2.11	96.6846195276
2.115	96.6353773948
2.12	96.6353773948
2.125	96.6353773948
2.13	96.6846195276
2.135	96.6353773948
2.14	96.6846195276
2.145	96.6846195276
2.15	96.6353773948
2.155	96.6846195276
2.16	96.6846195276
2.165	96.6846195276
2.17	96.6846195276
2.175	96.6353773948
2.18	96.6846195276
2.185	96.6846195276
2.19	96.6846195276
2.195	96.6846195276
2.2	96.7338616604
2.205	96.6846195276
2.21	96.6846195276
2.215	96.6846195276
2.22	96.6846195276
2.225	96.6846195276
2.23	96.6353773948
2.235	96.6846195276
2.24	96.6846195276
2.245	96.6846195276
2.25	96.6846195276
2.255	96.6846195276
2.26	96.6353773948
2.265	96.6353773948
2.27	96.6846195276
2.275	96.6846195276
2.28	96.6353773948
2.285	96.6846195276
2.29	96.6846195276
2.295	96.6846195276
2.3	96.6353773948
2.305	96.6353773948
2.31	96.6846195276
2.315	96.6846195276
2.32	96.6846195276
2.325	96.6846195276
2.33	96.6846195276
2.335	96.6846195276
2.34	96.6353773948
2.345	96.6846195276
2.35	96.6353773948
2.355	96.6353773948
2.36	96.6846195276
2.365	96.6846195276
2.37	96.6846195276
2.375	96.6846195276
2.38	96.7338616604
2.385	96.6846195276
2.39	96.6846195276
2.395	96.6846195276
2.4	96.6353773948
2.405	96.6846195276
2.41	96.6846195276
2.415	96.6353773948
2.42	96.6846195276
2.425	96.6353773948
2.43	96.6353773948
2.435	96.6353773948
2.44	96.6353773948
2.445	96.6353773948
2.45	96.6846195276
2.455	96.6846195276
2.46	96.6846195276
2.465	96.6846195276
2.47	96.6353773948
2.475	96.6846195276
2.48	96.6846195276
2.485	96.6846195276
2.49	96.6846195276
2.495	96.6846195276
2.5	96.6846195276
2.505	96.6846195276
2.51	96.6846195276
2.515	96.6846195276
2.52	96.6846195276
2.525	96.6353773948
2.53	96.7338616604
2.535	96.6846195276
2.54	96.6846195276
2.545	96.6353773948
2.55	96.6846195276
2.555	96.6846195276
2.56	96.6353773948
2.565	96.6846195276
2.57	96.6353773948
2.575	96.6846195276
2.58	96.6846195276
2.585	96.7338616604
2.59	96.6846195276
2.595	96.7338616604
2.6	96.6846195276
2.605	96.6846195276
2.61	96.6846195276
2.615	96.6846195276
2.62	96.6353773948
2.625	96.6353773948
2.63	96.6353773948
2.635	96.6846195276
2.64	96.6846195276
2.645	96.6846195276
2.65	96.6846195276
2.655	96.6846195276
2.66	96.6846195276
2.665	96.6846195276
2.67	96.6846195276
2.675	96.6846195276
2.68	96.6846195276
2.685	96.6846195276
2.69	96.6353773948
2.695	96.6846195276
2.7	96.6846195276
2.705	96.6846195276
2.71	96.6846195276
2.715	96.6846195276
2.72	96.6846195276
2.725	96.6846195276
2.73	96.6846195276
2.735	96.6353773948
2.74	96.6846195276
2.745	96.6846195276
2.75	96.6846195276
2.755	96.6846195276
2.76	96.6846195276
